n <- 700:1000
n[n %% 43 == 0]
